Webots Project File version R2025a
perspectives: 000000ff00000000fd0000000300000000000001ca0000039ffc0200000001fb00000012005300630065006e0065005400720065006501000000000000039f0000000000000000000000010000023a0000067dfc0200000001fb0000001400540065007800740045006400690074006f007201000000190000067d0000004000ffffff0000000300000a160000015cfc0100000002fb0000001a0043006f006e0073006f006c00650041006c006c0041006c006c010000000000000a160000006900fffffffb0000000e0043006f006e0073006f006c006501000001d0000005b00000000000000000000007da0000067d00000004000000040000000100000008fc00000000
simulationViewPerspectives: 000000ff0000000100000002000001ba000003880100000002010000000101
sceneTreePerspectives: 000000ff000000010000000300000022000000c0000000fa0100000002010000000201
maximizedDockId: -1
centralWidgetVisible: 1
orthographicViewHeight: 1
textFiles: -1
consoles: Console:All:All
renderingDevicePerspectives: TurtleBot3Burger:camera;1;2.51496;0.878914;0.00350877
renderingDevicePerspectives: TurtleBot3Burger:display;1;2.42188;0;0
